0,0,-1.9166206257302137E-5
0,1,9.984525236408389E-6
0,2,1.544598465895308E-5
0,3,-8.899970689323528E-6
0,4,2.7088684240690766E-6
0,5,3.0341743251324425E-6
0,6,-4.379324144440595E-6
0,7,1.6464395034296223E-5
0,8,-2.5038881573366134E-6
0,9,-2.9931385295277156E-6
0,10,-4.578001992472129E-6
0,11,1.7361893950697367E-5
0,12,9.115694532901982E-7
0,13,8.01489573834629E-6
0,14,-1.0658495969584863E-5
0,15,-2.6255005507022107E-5
0,16,4.777984436595889E-6
0,17,1.9023790077771103E-6
0,18,6.1094345348517344E-6
0,19,-1.4796777206857686E-7
0,20,8.302127831716049E-6
0,21,6.690839933394539E-6
0,22,7.911073827948642E-7
0,23,1.2718930203167959E-5
0,24,4.93604649160205E-6
0,25,-4.298810684184065E-6
0,26,1.0395499931245618E-5
0,27,5.690722547396742E-6
0,28,5.568708092958668E-6
0,29,-6.292272824161101E-6
0,30,7.58868458952121E-6
0,31,-1.1140392419829731E-5
0,32,-5.736812106244761E-7
0,33,-1.071715450035969E-5
0,34,-1.9334814716323635E-7
0,35,6.94290558694474E-6
0,36,-6.397757000184254E-6
0,37,4.507672574114153E-6
0,38,8.891458434224574E-6
0,39,5.5533077457575E-6
0,40,-5.089681724359099E-6
0,41,5.332049285593248E-6
0,42,1.208786162234979E-5
0,43,-4.207570577731195E-7
0,44,-7.2978598419478506E-6
0,45,-1.6891528812416556E-5
0,46,-1.5140583641656386E-5
0,47,8.135236414300643E-6
0,48,2.3087189249434817E-6
0,49,2.872759464244631E-6
0,50,1.4289897269818567E-6
0,51,-1.2552792962005563E-5
0,52,-7.205964638054133E-6
0,53,1.4871296350787426E-5
0,54,3.2185586189608572E-6
0,55,-5.135949514944233E-6
0,56,8.208354018522371E-6
0,57,1.845543964179033E-5
0,58,-4.539411902574005E-6
0,59,-2.3407882837395996E-6
0,60,-7.601037272207847E-6
0,61,7.347978185801654E-6
0,62,-3.042437637952102E-6
0,63,-3.92487397279558E-6
0,64,-1.8386493496948944E-6
0,65,-5.920584297229808E-6
0,66,-6.018396578970138E-6
0,67,3.2293339483828945E-6
0,68,-1.5344372676262948E-5
0,69,2.77954199350184E-6
0,70,1.1466032371299338E-5
0,71,-3.530992280871163E-7
0,72,1.6497629873487506E-5
0,73,4.716060916302402E-6
0,74,1.5670543761378935E-5
0,75,-2.7008541411226184E-6
0,76,-2.8791768793714697E-6
0,77,1.1886340284736715E-5
0,78,-1.2497627697576018E-6
0,79,-9.602979892260251E-6
0,80,8.864604122661253E-6
0,81,-1.0750508930380772E-5
0,82,-1.710982205195021E-6
0,83,-2.0560925902350276E-6
0,84,-2.719750248215517E-6
0,85,7.402006749122518E-6
0,86,-2.7714943120292033E-6
0,87,1.525914536935633E-6
0,88,5.4004777800943625E-6
0,89,-1.956096229613971E-5
0,90,-3.030556289327786E-6
0,91,1.527223953655858E-6
0,92,5.744055801858092E-6
0,93,-8.26160998756598E-6
0,94,-4.820766897193417E-6
0,95,9.058925456749413E-7
0,96,-1.869425042119412E-6
0,97,2.4602636749680254E-6
0,98,4.195083407831081E-6
0,99,6.212325245391992E-6
