0,0,-9.642579694718555E-6
0,1,-1.6800941677217525E-5
0,2,-3.904174304283418E-6
0,3,-1.182045031755385E-5
0,4,8.808048643381621E-6
0,5,-8.797822983457825E-7
0,6,8.543682557299046E-6
0,7,-1.22061995003888E-5
0,8,3.058708158923067E-6
0,9,1.1756804098109265E-5
0,10,-1.1415766141856586E-5
0,11,8.782862653524344E-7
0,12,-1.13833364981711E-5
0,13,2.0508545646836492E-6
0,14,1.8644891664403523E-6
0,15,7.452361128732706E-6
0,16,-1.456468260849119E-6
0,17,8.073462169133864E-7
0,18,-2.2168020514447986E-6
0,19,2.2668269622447805E-6
0,20,6.782143439263581E-6
0,21,3.4801926387090673E-6
0,22,1.4195231028736705E-5
0,23,-3.997158254001139E-6
0,24,6.57521033049818E-7
0,25,6.0836419239618705E-6
0,26,8.305585316841349E-6
0,27,1.0534214614604243E-5
0,28,-8.641148785997577E-6
0,29,-3.5094979501605657E-6
0,30,-9.854173261309614E-6
0,31,7.858741592167918E-6
0,32,-4.700944149483756E-6
0,33,1.6577388816861758E-5
0,34,8.285299537349005E-6
0,35,-5.118922740853155E-6
0,36,1.7260211530598912E-6
0,37,5.763020034517393E-6
0,38,1.5490199009394595E-5
0,39,-1.4004125974124122E-5
0,40,5.978149616762316E-6
0,41,8.196318054388779E-6
0,42,8.354934274046534E-6
0,43,-1.7695400758675014E-5
0,44,7.728692960670185E-6
0,45,-1.049577669628451E-5
0,46,3.0196617565899634E-5
0,47,6.488302878286718E-6
0,48,-1.1930700311667561E-5
0,49,1.247890530111221E-5
0,50,9.687930559627692E-6
0,51,1.114361444753145E-6
0,52,1.6275197192180959E-6
0,53,1.0940331143701827E-5
0,54,-3.0558055979470657E-6
0,55,-1.3590305539606747E-5
0,56,3.5384388084062747E-6
0,57,-9.191073893663445E-6
0,58,-1.0823964046612952E-6
0,59,8.41110900700574E-6
0,60,8.697824696345666E-6
0,61,-3.700561418369508E-6
0,62,1.3176993087684751E-5
0,63,-1.019582375573594E-6
0,64,7.428034851762529E-6
0,65,1.648952517028399E-5
0,66,-5.099024764179405E-6
0,67,3.811186471077854E-6
0,68,1.442333046108799E-5
0,69,4.448062334739247E-6
0,70,1.1460111106147347E-5
0,71,7.013006705912797E-7
0,72,-2.067478866171114E-7
0,73,1.6400876100585784E-5
0,74,-1.2673012021601193E-5
0,75,-4.627312811083625E-6
0,76,-9.300529338878578E-6
0,77,-2.8691625912780774E-6
0,78,3.026825737683128E-6
0,79,-3.66214912255E-6
0,80,-1.7645214156818192E-5
0,81,1.1678131956754526E-5
0,82,-1.2244828027028686E-5
0,83,-8.6494287556696E-6
0,84,-1.664808620411196E-5
0,85,-4.196199844643587E-6
0,86,-1.6707542405363243E-5
0,87,-2.978423395796321E-6
0,88,3.4879611831130253E-6
0,89,1.2218662614884762E-5
0,90,1.1244645285117899E-5
0,91,-1.1537580581749512E-5
0,92,5.630826787427846E-6
0,93,-4.28875419302722E-6
0,94,5.870725021330267E-6
0,95,8.441021982820213E-6
0,96,-5.727997787657624E-6
0,97,-1.2763941509393543E-5
0,98,-8.755534496924155E-6
0,99,-6.095050861383901E-6
