0,-6.341169601668916E-6,4.271219154042261E-6,1.1738038891111284E-5,-7.893472018930571E-6,-9.468744747435574E-6,8.208253705064381E-6,6.88416530479686E-6,-1.827156069471191E-5
1,-1.3701154599655955E-5,2.04723671988913E-6,-1.266083721375811E-5,-1.6781494168181155E-5,-2.0740381974829008E-7,-4.632796876857978E-6,-5.688281569221197E-7,-1.0404584475835932E-6
2,7.147502437997312E-6,-1.6867305264669227E-6,-2.3743945302768317E-7,7.849572403231432E-6,4.383540121061495E-6,-4.771395340843907E-6,-7.4951878211799805E-6,-1.977269834153806E-6
3,-6.4489770383808314E-6,-3.948395831328998E-6,-3.7099146347473564E-6,6.5434296025382855E-6,-2.479237922258349E-6,7.60448133126431E-7,-6.979994875755843E-7,-2.934251439629737E-6
4,-1.640176712928708E-5,-5.738446665565085E-6,1.3921828156017647E-8,-1.7232859943952205E-5,1.3210987047099412E-5,3.4451636932205246E-6,8.312541537942116E-6,2.355617852504788E-5
5,-1.1209904077067406E-5,-1.9822770128422386E-5,8.417566176881453E-6,3.43281372160212E-6,-2.580209431130386E-6,4.366907585561936E-6,2.0095579024175506E-6,-4.144099677317147E-6
6,-1.020668700006353E-5,2.0782868087658936E-6,-5.204819086437658E-6,3.67153297765461E-6,8.377712216329325E-6,-2.2497415402797823E-6,-8.970895401091729E-6,-3.359328549370972E-6
7,1.3118585119503298E-5,-9.405976603859678E-6,5.258565920326995E-6,2.7236946331692577E-6,-3.164957187456583E-7,1.2038127312036892E-5,-5.906714417134289E-7,6.169387224396357E-6
8,-1.0758714153538858E-5,-1.0783857561170182E-5,3.239189947542868E-6,2.770203074482115E-6,6.163520887112738E-6,6.078303796317979E-6,1.6285810288000922E-5,6.1237669912904145E-6
9,3.597797817524343E-7,-8.938514116369045E-7,8.190991750718186E-7,-5.0947945975244156E-6,-1.333544419826307E-5,-7.036498097481127E-6,-1.607335150361775E-6,-3.662546622546747E-7
10,-1.0890581746798706E-5,-2.670891287968636E-6,1.5128559525327925E-5,-1.3871690046269855E-5,1.075527055288764E-5,3.3241259533460236E-6,-1.3725942034200524E-5,-5.666109057146969E-6
11,-4.08642747211422E-6,1.3019843366296157E-5,1.5205769982163428E-5,-4.57816507910338E-6,-1.3616718576121613E-5,-9.139624218056574E-6,-4.685624932628953E-6,4.001447232934443E-6
12,8.727020755861747E-7,-2.116038462135572E-5,5.9213885898800085E-6,-1.2719603804671246E-5,2.7912430165362496E-6,-1.0858378129995926E-5,6.522792441163644E-6,-5.698746803934219E-7
13,-6.500558527273636E-6,-6.437235771133029E-6,-1.438066452051062E-6,-8.383040228513457E-6,-3.661284390986502E-6,2.830423659116388E-6,-1.202196970755973E-5,-4.752709660643549E-6
14,-6.911887987515035E-6,-1.8465077617221836E-6,3.2332406140631065E-6,-3.97681172956343E-6,1.0884598943815124E-5,3.343209566854843E-7,1.972483629985685E-6,8.705451407708953E-6
15,1.2274107899568569E-5,-3.996052082821234E-6,-1.2574366142805596E-5,-7.918245532787493E-6,-1.1610153266785235E-5,-7.5642302226727365E-6,1.372494959433241E-5,-1.1737475423664327E-5
16,1.0858690788054346E-5,1.3103811110059643E-5,-2.005458028174945E-5,2.467144104182294E-6,5.317466474953539E-6,-3.032736659848199E-7,-8.743750781660114E-6,5.711917609698015E-6
17,7.262303175235721E-6,6.255239079503249E-6,-5.268415787419757E-6,1.4142951517644732E-5,-8.635563797469673E-6,8.351411451668638E-6,9.026777053286904E-6,-1.3889846300478807E-5
18,1.0657815746808517E-5,4.553116267205582E-6,-1.6906280839771567E-5,1.6173327882304951E-6,-7.3335732709300864E-6,5.353894956191689E-6,9.630922415110019E-6,-3.5531406660990497E-6
19,-1.5221775419132175E-6,1.3668122978209748E-6,-4.008367540851685E-6,-1.2108570140089216E-5,-4.073939708823026E-6,5.286270512692344E-7,4.182449080491636E-6,-7.252050849864787E-6
20,-6.5759634600862096E-6,-5.855302443230475E-6,6.507480903040672E-6,1.5692368262376907E-5,8.477310809295334E-6,-5.251997078566589E-6,-7.125406790883367E-6,1.0579011443534332E-5
21,3.425622900928948E-6,-3.686605990454428E-6,-6.381903755057981E-6,1.5526755563642573E-5,-4.598062207358638E-6,-1.1506638565372869E-5,1.1659121783209718E-5,2.084902000483732E-6
22,-1.2992142681510409E-6,5.644515858586821E-6,2.2021052901765496E-6,1.6390557023718655E-5,-2.2636211096133887E-6,-1.2504000283980763E-5,-4.638466986140125E-6,-1.2211912476303852E-5
23,-2.1779302616977145E-6,3.389081395825747E-6,3.915139586313508E-6,-5.296579598197969E-6,-3.0892508748400887E-6,7.79064572398043E-6,6.278436107454497E-6,-1.1328282205480713E-5
24,4.6729051650393106E-6,-3.4083007921565808E-6,8.579892142424098E-6,-3.859144332348123E-6,-7.174482718182984E-6,9.495607119535194E-6,-2.389232722280767E-6,-4.1243884913323526E-6
25,1.691298803408868E-5,-5.631293064006256E-6,-3.953974896902116E-6,3.7014517124099464E-6,9.922097786406992E-6,-6.583559854185294E-6,-4.360972964649216E-6,-5.84561619380093E-6
26,-2.4515787339692427E-5,-8.752143592999343E-6,1.2873397697937665E-6,-4.034145519368586E-6,-1.1650950794183777E-5,2.953722595129208E-6,-4.297354516495153E-6,2.704747554265694E-6
27,2.9204985243966795E-6,1.748536359614123E-6,-4.668419377203838E-7,7.250237432669037E-6,-4.843046945024968E-6,6.401651009384966E-6,7.253213143515316E-6,4.180820028018352E-6
28,-1.3951678299080961E-5,-3.837675052334502E-6,-1.6689376432837055E-6,5.942901719828339E-6,1.7016185893547524E-6,1.6244229442356256E-6,-5.801270612531819E-6,7.344991462168558E-6
29,1.6963926854625378E-5,4.686087060258873E-6,-1.6811877313808256E-5,1.6399912326195774E-6,-2.8232646567671656E-8,-2.8451807965494505E-6,9.80883117208284E-7,1.1895231433287011E-5
30,-4.775853078582064E-6,-2.838543999181176E-6,-3.9107623861417286E-6,-7.687808326403675E-7,-7.693519044534913E-7,-1.01457489087054E-5,1.0424990968639538E-5,1.0497517867906482E-5
31,3.457288176138472E-6,-3.1196833743083352E-6,1.0844362833201767E-5,9.374436965302362E-6,2.6381510346790158E-5,-2.2734943277066584E-5,-7.332792062437761E-6,4.326410019478249E-6
32,-7.724527004912444E-7,-3.552630561816385E-6,1.3681839367519715E-6,8.021476020286915E-6,1.1005929657519366E-5,-1.512131641543039E-5,3.2232828117944967E-6,-1.5082481064688116E-5
33,-6.690540628800898E-6,-5.045645921218614E-6,-6.154579442796231E-7,2.947755198277746E-6,-4.79434447552566E-6,-4.8550063685786755E-6,6.166033613351262E-6,4.127556069589424E-6
34,-6.47111797390712E-6,-1.1251084670630493E-5,-8.419307034888081E-6,9.165348111633603E-6,1.647066960609167E-7,3.944219384075447E-6,-8.985077843883277E-6,5.085040238901556E-6
35,-8.296320132719641E-6,-2.960554589715596E-6,5.867699415013529E-6,-4.986230739153867E-6,-5.64285471457346E-6,-1.1175435707492296E-5,4.170683656442109E-6,2.816046771957901E-6
36,-2.503502120379644E-6,-3.1960667752299687E-6,-5.834190527694461E-6,-3.7529732505204467E-6,1.2944486130902496E-5,-1.0810716591947089E-6,-2.0328129214102508E-5,-1.2739110948586521E-6
37,1.1434628734965375E-7,1.4085150392804194E-5,-4.048978371054826E-6,-6.748730981707705E-6,7.517353039268701E-6,-1.315720977391138E-6,-1.6621220212920638E-5,-2.3927179292690237E-6
38,-4.587942734383041E-6,8.887535918849088E-6,-8.113736095372728E-6,-1.253986540584676E-5,-2.680597489228096E-6,1.4204115158557523E-5,4.58443058796518E-6,-3.28347235201937E-7
39,-4.793311165191617E-6,-4.3678972368112795E-6,6.820408774937927E-7,-1.9146933594476715E-6,-2.1287001664981414E-5,4.569995750766421E-6,9.883460179370438E-7,7.349544681415631E-6
40,-3.8780813344320745E-6,-4.696308680723169E-6,8.859835310397184E-6,2.083076662449677E-5,-1.1011004834940515E-5,-5.199586315169805E-6,6.683124532738247E-6,4.3742241648576475E-6
41,-3.117877221201969E-7,-4.378987152685582E-6,9.063608850983401E-6,-8.23462949514339E-6,-6.244788538559992E-6,-1.7421298978642077E-5,9.890366892243326E-8,1.1338029347288321E-5
42,-8.858592638958616E-6,6.928902856257758E-6,1.9275681097138667E-5,-4.091117747702679E-6,-9.912333500270766E-6,8.225154729473927E-6,-5.8182531120939385E-6,-1.349340152886927E-5
43,-4.709763158422749E-6,-4.798787606741046E-6,-5.102106008746115E-6,-3.3099342463591786E-6,-1.0653954139832679E-5,-6.629537964302424E-6,-1.2288700327872329E-5,-1.1509724084117246E-5
44,5.038607475936394E-6,1.3448179712949512E-5,-1.4652661931807751E-5,5.898085787589414E-6,5.837099742163206E-6,3.5356162236614994E-6,-1.865360984400422E-6,1.0354646607182458E-6
45,-1.9923403801777684E-6,-9.8138293886841E-6,-3.395440607108588E-7,-7.907572122425327E-7,-1.310563608856549E-5,9.195107408293359E-7,1.0422859231787997E-5,-9.506031476928933E-7
46,-9.517333080322403E-6,1.4103818286376088E-5,5.719376646371759E-6,-1.144503278138476E-5,-2.6881418601889514E-6,1.0192171805405351E-6,1.1864598816729169E-5,-4.036922898335745E-6
47,-4.95773991314999E-6,6.013962835544136E-6,4.694555612383639E-6,9.567944972006176E-6,2.657472961097592E-6,7.265530175393633E-8,-6.49309576114904E-6,-9.229931104102517E-6
48,9.25752952763272E-6,-9.012243321785829E-6,6.282744033934143E-6,1.1142669796027566E-8,2.3518016483877235E-6,-2.153545577800517E-6,7.950674680936514E-6,-1.8640462342206145E-6
49,7.378025275054126E-7,-6.813685793843479E-6,-1.868689959626131E-6,2.276341353646327E-5,7.353195580371287E-6,8.669574088837139E-6,1.0180273027379804E-5,-6.091682016143117E-6
50,-4.546316261171055E-6,1.0541068059657402E-5,-3.5505198988487945E-6,5.23870695637538E-6,-2.5797443632751783E-6,-8.128509456086017E-7,-7.646743237926859E-6,1.6414482501569742E-7
51,-8.883232670208827E-6,1.1061429034476802E-5,-8.52327460970661E-6,3.47138785899913E-6,9.253791727082604E-6,-5.307274891677572E-6,-1.1191191524835434E-5,4.844914768208867E-6
52,-2.982625701826087E-7,9.758767755841187E-6,7.621239179086835E-6,-2.1415051524830902E-7,-7.691567974821953E-6,2.29708538516451E-6,-4.416750232872094E-6,-2.2078238732804496E-6
53,1.54261324664433E-5,2.4681097060837614E-6,-3.6440579122256472E-6,9.970089659931248E-6,-4.041964236695927E-6,1.967800614546939E-6,1.2694332914609114E-5,-1.0854936747630826E-5
54,1.3484995053049595E-6,2.2297684319595392E-5,-5.816910391987019E-6,-2.960518785430147E-6,1.7346319171318596E-5,4.2061314151854625E-6,-6.855401022926914E-6,-5.839802110829676E-6
55,1.8353044180263996E-5,6.733980679693283E-6,2.4735575455447845E-6,-3.7208580949557433E-6,5.6834500991606316E-6,8.100325978764095E-6,-4.452571778969508E-6,1.1881826584107701E-5
56,-6.5635324253040816E-6,4.051352057405166E-6,1.5824125494469413E-5,-6.103194427510179E-6,-1.0037480210750219E-5,8.21580857187234E-6,-1.769464169055981E-6,-1.2023254767147848E-5
57,-4.565537884370266E-6,1.5882103669735833E-6,-4.4885978909794133E-8,-1.0550986321140424E-5,4.878465341906815E-6,1.4879559366319315E-5,5.87534973367452E-6,1.142820951642777E-5
58,-1.3373743566902568E-5,-4.954741176634941E-6,4.768274667903041E-6,6.660343623481751E-6,-9.625533266473341E-7,4.2931633604551127E-7,1.1259114280676887E-7,-1.7482247281259798E-6
59,9.428090545776555E-6,7.711127555695249E-6,6.069415115572036E-6,-1.9871719299886553E-5,9.604108736388941E-8,7.407046687230675E-6,1.2264125854511964E-5,-3.73802826218451E-6
60,5.953541398924515E-7,-2.7349637925325855E-6,-1.9710568191715223E-6,-4.384853413633235E-6,-1.742128295219353E-6,-1.5218733825902078E-5,3.234555607358822E-6,-8.353999415198257E-6
61,-6.474322031440411E-6,1.2432292914003125E-5,5.0084770205455625E-6,-2.5301488224994703E-6,-4.3752370200633E-8,-9.618166510284297E-6,-2.3213606186327844E-6,1.3867258365780543E-5
62,5.889540780146369E-6,2.9458931099182357E-6,1.3394931861533453E-5,1.1199272966866405E-5,9.593149993278536E-7,-1.5618527590147556E-5,3.927895247748137E-6,-3.7306513944255928E-6
63,3.727799206086072E-6,-6.7780755846709576E-6,-1.1280821106742514E-5,-5.406202738286226E-8,-9.947137753938749E-6,-2.6443201014719653E-6,-7.948101598469854E-6,1.570277257528379E-5
64,-1.1396952454015936E-5,-1.2125581812650886E-5,-1.7369555210601577E-5,-7.638594662330268E-6,1.2238012496784105E-5,-8.163589503979886E-6,1.592813174868394E-5,8.719045051730366E-6
65,1.2164485307484699E-5,-5.705503682790962E-6,-2.3251812057493244E-6,4.11109408794128E-6,1.0574482842153237E-5,-9.650804962523877E-6,4.103407506735326E-6,-4.4884244295643955E-6
66,1.8848216370392752E-6,-2.2062807695312976E-6,-4.541411252726406E-6,2.4748446258522832E-5,-3.1046242405702486E-6,-5.913250684726563E-6,-5.9054720525189825E-6,3.2229701924088198E-6
67,-9.397454282238505E-6,-2.3810656481103525E-7,5.785746997610803E-6,6.195482610583943E-6,-8.450618191012365E-6,-1.1550395626325948E-5,3.885354095060923E-6,-1.339101152193802E-5
68,1.3717447356111254E-5,3.6686015619367214E-6,-9.991354195442922E-6,-1.3216346800572699E-5,-3.834108388630146E-6,1.863297582337342E-5,-6.7674655798427366E-6,3.2941656791240474E-6
69,1.151250629437331E-5,6.914609212756663E-6,-1.3788306078096823E-5,6.249543761935314E-6,1.5674993308093278E-6,-1.868615907193099E-5,-2.5516563113591094E-6,4.2349243869586355E-6
70,1.463596905045475E-6,-2.4397516264155014E-6,4.9693115326508744E-6,-1.632831507545069E-5,1.026650585065639E-6,1.3693819035734814E-5,-2.2298559298795644E-5,4.4875934137298254E-7
71,1.1723995091065374E-5,1.9914049340502773E-6,-4.101521653561773E-6,-2.131959471895004E-6,-4.376189440240388E-6,1.0229595087898722E-5,-3.275559346470318E-6,8.019671307311694E-6
72,5.222082997701813E-6,2.561310306461215E-6,3.9050107288881256E-7,8.31689006075087E-6,9.056409964075265E-6,9.654400901794486E-6,7.70956320655366E-6,-1.06319922931515E-6
73,-1.4357111892301104E-5,-6.962085822751361E-6,1.2262857641128218E-5,1.2813540134991246E-5,-5.7733624030381586E-6,-1.189931601125544E-5,6.640502520441391E-6,-2.9142914261327693E-6
74,-4.062903613022402E-6,-1.1046400413583762E-5,1.2622758864027012E-5,2.933934905354775E-6,-1.3289937877216437E-5,7.79896260040445E-6,6.709670957900545E-6,-3.525042612425891E-6
75,-2.8885698745846005E-6,4.595590836258238E-6,-1.0792657059174023E-5,-9.94650560300882E-6,-6.065954489198423E-6,5.181303390059323E-6,-5.094579599893196E-6,6.37417298315452E-6
76,8.98773075399019E-6,1.2163336779200024E-5,-4.95296395717817E-7,-3.0717138515171883E-6,3.0550788140709845E-6,-5.74254660226778E-6,-9.215940570599729E-7,7.039494834148412E-7
77,4.558712627434303E-6,-7.85869472332438E-6,-2.153892873498573E-6,8.745674067977838E-7,-1.612719190891518E-5,3.9045672269902656E-6,4.491811005219752E-6,7.595363694281261E-6
78,-7.113449004521987E-6,-8.297601419090738E-6,-3.3517430076952276E-6,1.0795763131927528E-5,-4.912377086340396E-6,2.3754465334935452E-6,-1.9050902520217143E-6,-1.0648754170283851E-5
79,-9.005172384888039E-6,1.1205248640059666E-5,1.4980036201078753E-6,9.298473826898653E-6,-1.7511604297617287E-6,-2.7917025657386836E-6,1.9044875888288063E-6,6.991922054594526E-7
80,1.797917005291277E-5,-2.137157145088686E-7,-8.048256889130214E-6,-6.632781027798595E-6,-2.1041935163646798E-5,-8.108100380691793E-7,7.623573031394645E-6,-5.23896665408916E-6
81,-7.507018662593677E-7,3.381430725589E-6,-9.179117531207514E-7,-1.793187065500844E-5,-2.0836028699294967E-6,8.494423213915265E-6,1.0678046590303369E-5,1.4924174576098629E-6
82,2.1081087739561775E-6,-1.3064282366816757E-7,-1.1534053622004594E-5,4.3228742407705055E-6,-1.1545288304499891E-5,-2.0528633320860995E-6,-4.931858739992947E-6,1.7536848067834003E-5
83,-6.109716715272587E-6,2.724328165186488E-6,-7.950475776693288E-6,5.656249186688775E-6,6.18176137352998E-6,3.5565703456158377E-6,2.915095622368304E-7,-4.993775171885762E-7
84,-2.1119586597824805E-6,1.3131840867290212E-5,-1.2012493017637296E-5,-4.894382986925123E-6,2.499034959570846E-6,-6.152795157500595E-6,1.886264831804762E-5,8.462945014930992E-6
85,1.1811886197623953E-5,7.686687121766849E-7,-5.977400544542076E-6,9.231598226594835E-6,5.7629029453890095E-6,3.0916817994387704E-6,3.6195762762712263E-6,-4.431440031345808E-6
86,4.382836822822031E-6,6.3949914395135854E-6,-5.539584438222631E-6,3.7596468720626836E-6,-4.098795052373759E-6,-1.4995817442721958E-6,2.1167226476426272E-5,-2.4894555296497323E-6
87,6.62158227140144E-6,4.676829783371281E-6,-1.0177444060904426E-5,-5.6533746905230185E-6,1.0616035709045875E-5,4.145422799588774E-6,1.420644803597964E-6,-1.1324726955786233E-5
88,1.3793989669671455E-6,-5.427620271030065E-6,-2.7064852904744092E-6,-1.7511790474235795E-6,-1.4341601519000502E-5,4.138569394864092E-6,1.780636407837977E-5,2.1813226010485955E-6
89,2.357082184688004E-6,2.4866791387967448E-6,4.783763019595047E-6,-1.1309399327363143E-5,1.0154773561225805E-5,2.4347807045998612E-5,1.2502708846439633E-5,3.594210763220034E-6
90,1.5098602598639121E-5,-4.43484815694333E-6,-5.662804313998606E-6,8.231852899236227E-6,2.0547972892863766E-5,-2.1255047461636593E-6,-1.0354442596330402E-5,-7.984009444162014E-6
91,-5.380794188570447E-6,6.829302496478581E-6,-5.879539203004553E-6,-8.814092479938831E-6,-6.732180610407627E-6,-4.854692111980029E-6,-1.4778957378616273E-6,2.4886462268092535E-6
92,-1.4237545867594139E-5,3.4401975382166794E-6,-7.592414222931041E-6,-3.553299404317383E-6,-1.138758668182441E-5,-2.6793692946220834E-6,3.6467231896097196E-6,-5.4173554844596914E-6
93,-1.0306964076659955E-6,-1.087729958756627E-5,-1.4304259791740909E-5,6.124752437810833E-7,-1.135824081339978E-5,-2.4214254954679286E-6,8.09599455320813E-7,-1.6343296574944357E-5
94,1.3537517838581475E-6,8.601040760963123E-6,-6.6207571264058955E-6,-8.611257024608974E-6,-1.3400217346604205E-6,-3.2839791291097465E-6,-2.9283948487121943E-6,2.8892562133262434E-5
95,2.0003184668714065E-5,5.243476085792274E-6,7.371189658785379E-6,1.2885568110379362E-5,1.720317153915097E-5,1.9629868071595574E-5,8.623920495386737E-6,-1.2284927152467455E-6
96,6.826770955139959E-6,-2.360467789032888E-6,2.4109569355373272E-6,1.0282888537569174E-5,6.7865430592160025E-6,1.0760128171776414E-5,3.6722853091848526E-6,8.65005739053949E-6
97,-5.740618428655041E-6,1.0682099748667226E-5,4.377321874195259E-6,-1.1530610936500394E-5,-4.363865825215744E-6,1.481404048515389E-5,4.294636024180953E-6,9.62398558625523E-6
98,-3.739672222052905E-6,-8.44790544224855E-6,-4.843981867857104E-6,4.708501086095314E-6,8.99929091714018E-7,2.737552014424862E-6,-7.470127639186541E-6,7.510251834027366E-7
99,1.995714406638292E-6,-5.245167999753258E-6,-1.2806784859603457E-5,-5.877183430614515E-6,-3.368024820952734E-6,9.771820611382959E-6,-4.429674282675164E-7,-2.2093540521551176E-5
100,-3.8112005207755288E-6,6.820849100109382E-6,-2.160498536601158E-6,1.4795315135172674E-5,-8.931295615048844E-6,1.0985020568553965E-6,-1.9327480771584506E-6,3.8054733613284913E-6
101,-2.0687995910552926E-5,2.3203381682089965E-6,2.147623376060175E-5,3.2839661235526234E-7,4.930576519378319E-6,-1.615276453014989E-6,4.4895188714324505E-6,4.4568594101173196E-6
102,1.1915280046431449E-5,5.012050913694622E-6,7.90469791549255E-6,-6.418983076763923E-6,1.5814207105429087E-6,-6.546568357512174E-6,4.714842943369739E-6,-8.724821443328829E-6
103,1.1806745484308116E-5,-7.48584982956092E-7,-2.026395305954424E-6,-8.069838757046148E-7,-5.608583968773479E-6,-5.508717701246823E-6,1.734478561210115E-6,1.4765001965807539E-5
104,2.5968661069511085E-6,-2.8205603567409077E-6,1.9467306854870543E-6,4.4131370706212894E-7,6.934992452639517E-6,8.697213099002377E-6,8.174797015648128E-6,-1.065253912135663E-5
105,-5.518574599588875E-6,-2.4596115196470227E-6,-4.8306585349742225E-6,3.2955297720431296E-7,9.25091407773581E-6,-7.064008545155704E-6,-4.345048916388535E-6,8.406507410503341E-6
106,-3.948141852147897E-6,-7.109660010164454E-6,-8.31502005755477E-6,-4.71653347210195E-6,-1.3758302162131144E-5,-3.847044990987454E-7,1.1073661637547204E-5,5.378488022387973E-6
107,3.231623730129819E-6,-4.3645671240403334E-6,-3.876035829090313E-6,9.546550528511572E-6,-9.354522249552727E-7,5.091549834485168E-6,6.2077501235713946E-6,-9.864968784857922E-6
108,2.975742007022077E-6,-1.8683800351559295E-6,1.2435865197062135E-5,5.056329550609241E-6,-1.7173227556137897E-5,-2.6186024060411715E-7,9.745531870993702E-6,-1.12806045233967E-5
109,-1.785854954593031E-5,2.5176868726165352E-6,-9.236876747169439E-6,1.2138454706343727E-6,-1.3412260880314806E-5,-3.117226217643436E-6,4.571583994628297E-6,7.719536714368267E-6
110,7.997005037321593E-6,1.3632264537400965E-5,-1.2903384219046053E-5,7.22952569292909E-6,-4.3387274199963124E-6,7.133506750307971E-6,1.855690394501191E-5,-3.876632003418064E-6
111,4.314944746628536E-6,1.0599257701207922E-5,-1.1647183022664392E-5,1.625395939894549E-6,-2.204107323713245E-5,-7.1299251002627735E-6,-8.917841506612139E-6,-2.237610062505173E-6
112,-9.622500129505042E-6,4.7563109628183374E-6,7.971920840750996E-7,1.3163268131974749E-5,3.961360222977162E-6,1.7712835719874525E-6,5.101962822631798E-6,1.2534618695149033E-5
113,-4.765685518672475E-6,-1.1912445302000462E-6,-5.963464218811132E-6,-1.828572148627037E-6,1.591453002783415E-7,1.1332553949702367E-5,3.0797947950604845E-6,1.0938750992923303E-5
114,7.559262932433311E-6,3.6084591403216056E-6,3.85948790329814E-6,-1.1349500416382386E-5,-8.666386624917411E-7,-1.1861204695975568E-5,-6.677504004507009E-6,1.0517198727462057E-5
115,3.6654900723722323E-6,-1.0343937924123824E-6,-1.487994231962522E-6,-3.5028466746362504E-7,-2.8815040925481445E-6,4.512093795591896E-6,-3.592781885087303E-6,7.198225736416548E-6
116,-5.257975756421508E-6,1.6197618438140214E-5,3.0151128259477206E-6,-9.05721127511814E-6,4.7828465934117166E-6,1.0727058947792095E-5,1.6778361954425001E-6,2.199226809635482E-6
117,-1.70958979365015E-5,5.246925173617647E-6,-4.102995335327673E-6,3.228505762507206E-6,-1.1772613760821982E-5,-1.0619663353717174E-5,-7.189443110086471E-6,-2.8266843651383966E-6
118,5.205015695148467E-6,5.573636722411936E-8,1.1443304075421701E-5,9.45188141373253E-6,5.7832735336684155E-6,2.2604310289630196E-6,4.786653998693407E-6,-2.5636217534354902E-5
119,-4.145841472984378E-6,-2.7186063174221287E-6,4.345233078735137E-6,-5.414459143187491E-6,-7.258472580463905E-6,-2.445918546076334E-7,1.117256978412601E-5,-1.1800741567006851E-5
120,-6.590380202423793E-6,-1.0460702938985516E-5,-3.913763824458004E-6,-3.4603875061211356E-6,-1.013768772194526E-5,-1.2019239890657651E-5,-5.641523765889705E-6,-8.837989302583819E-6
121,-1.8046085524704658E-5,-3.297413151010939E-6,4.578472953487012E-6,3.1347820638271182E-6,-7.88017653442324E-7,5.916343456391497E-6,5.423220335602742E-6,-4.666441144660145E-6
122,-1.3893875299240534E-5,-2.4562381587695633E-6,4.305448528422476E-7,-1.9425105935462474E-5,2.1239774555047614E-5,3.215340971567674E-6,-8.614665423648885E-6,-1.343689031485114E-6
123,3.4330664003005517E-6,-1.1782477672742157E-5,8.947882048648751E-6,-1.0103353010947656E-5,6.883387777012871E-6,1.1636120197799347E-5,-3.3755882070373266E-6,1.292060372754536E-5
124,1.0312633287239374E-5,1.4414759109555225E-5,7.597303194035837E-7,5.25751780652489E-6,6.489554236219225E-6,6.9835157788435055E-6,4.886465652429737E-6,-1.097520532103575E-5
125,-3.069000605762689E-7,-2.7003772557476093E-5,-1.5776559350655312E-6,4.404127174110709E-6,-1.2504401584704612E-5,5.63383134475034E-6,1.1843218478007898E-6,1.0069957194430754E-5
126,1.5206169668038828E-7,-7.648936982870992E-6,1.3639368623020726E-5,6.828675128385571E-6,4.308870110948133E-6,5.691793297332397E-6,-3.115615321728149E-6,-1.4649485456262093E-6
127,1.2156437081026665E-6,-3.955974329537743E-6,2.869052757019102E-6,-3.4821533883378596E-6,5.433368675633741E-6,-4.306796179638061E-6,-1.4330008359793875E-5,4.1954489838173164E-7
128,-8.498124670039146E-6,-8.064843726303475E-6,-8.664010627772187E-8,-1.9128005389778222E-6,-9.946365785762195E-6,-7.780353816309084E-6,-9.614461946035682E-6,6.0167479326715245E-6
129,1.232975571775191E-5,3.822137647908632E-6,3.837752210464308E-6,2.8719085560035174E-6,1.414989209982676E-5,6.307667356883914E-6,-7.93462047879153E-6,3.929059606366952E-6
130,-4.598413020701683E-6,-2.1879704990493635E-7,-4.2704615075611325E-6,-2.3713320841098928E-6,3.961429236424399E-6,-2.082301017202012E-5,9.953494662060553E-7,9.438975653782886E-6
131,-7.897095035194486E-7,1.8577962312501083E-5,5.96657178540605E-6,1.001774031746734E-5,9.76117655719164E-7,-4.8346882894525865E-6,8.070035114502783E-6,-3.954334083339524E-6
132,8.791414949298661E-7,-2.339295857872323E-6,5.796340047656214E-7,3.2396724699771826E-6,-1.3658211685968432E-5,-6.468980121612871E-6,1.6535436021656538E-5,-3.98904384623112E-6
133,5.160064079833914E-6,9.252079446132467E-6,-8.592944586759718E-6,-1.499134922165343E-5,-1.1000309289946222E-5,-1.6995954343614394E-5,2.0542549796681195E-6,-1.6124032277170103E-5
134,2.576125856314333E-6,7.650613045553594E-6,9.676113018505638E-6,8.54891547047945E-6,2.0272209475706033E-5,4.01118279434868E-6,-1.8098773294226324E-6,1.031509518000559E-5
135,2.6003937069582657E-6,3.18858466162176E-6,9.812888579604689E-6,-8.993919843248397E-7,1.070586275714288E-5,3.2852076011127717E-6,-1.0592600643794074E-5,-1.8213094219735858E-7
136,-4.108700896930809E-6,-6.831127399998773E-6,2.982003471220994E-5,1.1244460208920407E-6,8.737271129265228E-6,-2.4119806679510187E-6,7.186969999946369E-6,1.5135704207270747E-5
137,-6.942763967894029E-6,1.3461374268637531E-5,1.301154257605808E-5,8.702113315209903E-6,-8.341267291789163E-6,-3.6139382566606083E-6,2.2004554002865973E-6,-1.777484379370487E-5
138,9.988705234502088E-7,8.766508326931971E-6,5.582874395189447E-6,-1.124924033982447E-5,-8.532681611633493E-6,1.152381520160875E-5,1.154217227790184E-5,4.4166272400964516E-6
139,1.7739883028447993E-6,1.4682093553691213E-5,-3.004185994299748E-7,-9.167323221145189E-6,-3.7739441939184926E-6,-1.765771201514187E-5,7.121200205836612E-7,8.329294263704654E-6
140,2.5532680886835395E-6,6.130765743051401E-6,1.4491467029909966E-5,3.583910007486376E-6,3.7163350588090577E-6,4.885222127895217E-6,1.4246919683492198E-5,1.330302987882013E-5
141,-4.631776916559674E-6,1.4486890468845799E-6,-7.624935414262443E-6,-1.157875124046255E-5,-4.47798199586954E-6,-8.061763671085685E-6,1.2512964123872241E-5,-9.663835661942455E-7
142,-1.095194683908868E-5,1.7415434668580658E-5,-2.280997404313278E-6,3.421732024604419E-6,9.33053656760357E-6,-1.4198434046228437E-5,-1.5865488918041237E-5,-1.5464562701871984E-7
143,-2.0394155474906558E-6,-6.407192528893574E-6,4.433475630200059E-6,-1.0134169233685325E-5,4.358765302092998E-6,-7.898156928803105E-6,1.265356375518785E-6,-1.8134681171704403E-5
144,-6.638375383994425E-7,3.957957385260878E-6,7.855182887231902E-6,5.978540782727838E-6,-2.26816366126167E-6,-5.1714720969100056E-6,-1.191964587395738E-5,-1.8785626939544723E-5
145,-5.014665622756384E-6,-2.9601709544096602E-6,9.340941519020839E-6,7.30187908897724E-6,-7.942166203938353E-6,-4.7436112000028526E-6,-7.083845089634361E-6,3.1262508225056485E-7
146,6.80947432362739E-6,8.114758547658047E-6,-4.880847227327788E-6,5.746002882471918E-6,1.6476374337001314E-5,-8.690548671986993E-6,2.4513103670188954E-6,-1.634852032087067E-5
147,-6.507672539177669E-7,-1.1425361456751057E-5,5.479448002584673E-6,6.650223315660514E-7,-1.5192778503128041E-5,1.79075959506681E-5,-1.6898615436878545E-6,1.3828488982957383E-5
