0,-0.42242786332775906
1,-0.15533841450347355
2,-0.04028068583178098
3,0.08302177029447509
4,0.1105536234734369
5,0.12073326672067926
6,0.0809505300371854
7,0.033218467251105485
8,-0.004891277296122764
9,-0.001993259851178231
10,-0.020935823235083247
11,-0.2041233652891555
12,0.033624791395490544
13,0.004239143361304442
14,-0.0901690097921241
15,0.08597009313703773
16,-6.894956956754495E-4
17,-3.432302186659294E-4
18,0.20972036614869732
19,-0.25369409246282854
20,-0.07547101668155932
21,0.14324183005566582
22,-0.03726292916900037
23,-0.14049920915603664
24,-0.004893177936189332
25,-0.001931598432272788
26,-0.046049620806434335
27,0.05716231193486438
28,0.07319909922963297
29,-0.0242752844053137
30,-0.056765007018298154
31,-0.013204775945123315
32,-0.004237479088807044
33,-0.019508770788523994
34,-0.12501204279218875
35,-0.13221764344358422
36,-0.27320319711311286
37,-0.1424119635552049
38,-0.004879645009238375
39,0.20971890167175386
40,0.14324128476091252
41,0.07317246316560415
42,0.05716283745982656
43,-0.5494663793402601
44,0.6634543415167158
45,-0.18430963430929678
46,-0.02262808162332116
47,-0.05547364574724088
48,9.868355899269158E-4
49,-0.0470286005146497
50,-0.11163067050764591
51,0.2560063494902095
52,-0.07259969727016881
53,0.21671794178531986
54,-0.1917234272026864
55,0.0062132517414498125
56,-0.04986611716370839
57,-0.03439646526119766
58,-0.056377013991366465
59,-0.08327038270302735
60,0.019876993039399844
61,-0.0905009106553904
62,0.009023467649259985
63,-7.851016278178537E-4
64,-0.011137483643806312
65,-0.30921814343835674
66,0.5519518912994865
67,0.1191855339475015
68,-0.311299767897632
69,-0.1845182495676373
70,-0.06051820073454625
71,-0.028446143934684427
72,-0.11944934758332737
73,-0.01455114281754265
74,-0.014909279870810943
75,-0.017063035616276388
76,0.16880783106415634
77,-0.36323423540192395
78,-0.46608180320909337
79,-0.009259798927502054
80,-0.030783238521710832
81,-0.006491798948682771
82,0.006502623273352833
83,0.010690539412022663
84,-9.804658860855147E-4
85,0.11817416853276635
86,0.013595046652196657
87,0.005681291809179504
88,0.03884398188726195
89,0.0922576848182952
90,-0.001041829330424754
91,-1.3431349683234402E-5
92,0.03448556913442317
93,-0.29592951182452015
94,0.08873686985224513
95,0.01236685732670931
96,6.060312970807977E-4
97,-1.852258959644751E-4
98,-0.1598522303039738
99,-0.3360250171961093
100,0.1820903215693857
101,0.10071053819374416
102,0.013478681732069559
103,0.007157006425499799
104,-9.903467102658514E-4
105,-0.0010414541456345624
106,-0.09693035183323893
107,-0.001842652654713107
108,-0.0031096132777523556
109,9.029653391792673E-4
110,-0.008183478218039459
111,-0.046631963036726745
112,-0.0022967270319251983
113,-0.0064638316638765195
114,-5.776367385031586E-4
115,0.0023739184215866536
116,0.0030887472173741154
117,0.0021684572828107327
118,0.0012278881705572264
119,-0.0015175448053778608
120,0.0034378403692450253
121,-0.001875352789193321
122,-0.002984700428426433
123,-8.262576570130789E-5
124,-3.608423176666884E-4
125,-0.001630846057475298
126,-0.0011039186835328806
127,0.002016150625324683
128,-0.0031386116530026232
129,-0.002000866631498647
130,-0.004971381658416119
131,-0.005432816646312169
132,5.713479020598008E-4
133,-0.005059748322311465
134,-0.0035323043546252363
135,0.0017578245771625637
136,4.888070537591942E-4
137,-0.001654851451721387
138,-0.0010181908561956593
139,-5.239915587498267E-4
140,-0.0010291859702450923
141,-0.0014012888736370974
142,-0.0018806165019089006
143,-0.0050647954485102025
144,2.848988433381709E-4
145,2.7394705825692295E-5
146,-4.106631920886708E-4
147,-3.347764681407327E-5
