0,0,-1.0947989218353573E-6
0,1,-5.062111916539296E-6
0,2,1.8217405088688653E-6
0,3,1.9318362104563596E-5
0,4,6.12406012171907E-6
0,5,-5.096607988504632E-6
0,6,8.125255088349967E-6
0,7,8.665921343002721E-7
0,8,7.321843155214303E-6
0,9,1.1283364746857824E-5
0,10,1.0268852383883567E-6
0,11,-1.9369017274305816E-5
0,12,-2.445490427055002E-6
0,13,5.905228407598287E-6
0,14,-7.017180907517369E-6
0,15,-2.8108386192025264E-5
0,16,1.5460167309399412E-5
0,17,2.085242432945997E-5
0,18,-1.0902277386242321E-6
0,19,6.7729101415695604E-6
0,20,-9.223232853527519E-6
0,21,1.4495065305798578E-5
0,22,1.8268523660747142E-5
0,23,4.274011098658618E-6
0,24,2.8010263639879788E-6
0,25,7.269074038472615E-6
0,26,9.72182948599308E-6
0,27,3.63593525221771E-6
0,28,9.48775407497852E-6
0,29,-1.2030787175719935E-5
0,30,-2.0478024489291813E-6
0,31,7.715453035879593E-6
0,32,-2.588276996991253E-6
0,33,1.0857957254943895E-6
0,34,-6.909502472094157E-6
0,35,1.02569883164422E-6
0,36,-6.217471660533927E-6
0,37,1.376143484284365E-5
0,38,-6.480367475407638E-6
0,39,3.7917487555274826E-6
0,40,-6.372734208895923E-6
0,41,-5.9891561018616986E-6
0,42,-6.392558211202107E-6
0,43,9.696032957831639E-6
0,44,-1.7947195160765298E-5
0,45,2.0956255071892262E-5
0,46,-5.6414431180700105E-6
0,47,1.051005229504962E-5
0,48,-3.544508801050826E-6
0,49,9.116207234543957E-6
0,50,-1.1582383671327697E-5
0,51,-4.374388638348077E-6
0,52,1.6744020480823083E-5
0,53,5.1888267900065986E-6
0,54,-2.8361588203609467E-6
0,55,1.054854654168322E-5
0,56,1.6120484691366478E-5
0,57,-2.784848480512747E-6
0,58,-1.3130947915341072E-6
0,59,1.0335474816459115E-5
0,60,-1.04675410739735E-5
0,61,-1.2750658117488457E-5
0,62,-1.749624418573651E-5
0,63,9.72594796531739E-7
0,64,-2.6329719060765223E-7
0,65,1.882078966210726E-5
0,66,-7.141207526774272E-6
0,67,-3.3118963211670667E-7
0,68,8.61895309292106E-6
0,69,-9.287352563190511E-6
0,70,1.755341024084443E-5
0,71,-9.063820007918651E-7
0,72,7.6848594879277E-6
0,73,-4.312178051298966E-6
0,74,-1.3409082751246564E-6
0,75,-1.322274827540008E-7
0,76,-2.0807856818861093E-5
0,77,-1.5132349590205297E-5
0,78,-5.452828652538527E-6
0,79,-8.259387367883067E-6
0,80,-2.026739757600354E-5
0,81,-9.703017517182813E-7
0,82,6.289416389299683E-6
0,83,7.853605312677644E-6
0,84,-1.1350668871560677E-5
0,85,-5.160806079178744E-6
0,86,-5.3064236915047895E-6
0,87,-1.2504894924921768E-7
0,88,-8.9747409581604E-6
0,89,-1.0427334760173514E-5
0,90,-6.199694924988239E-6
0,91,8.20718622018144E-6
0,92,1.0098310063717723E-5
0,93,-4.889608624287563E-7
0,94,-1.1232652066197951E-5
0,95,1.6553639092834418E-5
0,96,-3.736017245250646E-6
0,97,-1.4896673600409349E-6
0,98,1.818074587569649E-5
0,99,-1.2670263371476128E-5
